%YAML:1.0
overlap_tracking_th: 0.85
translational_ratio_th: 0.15
discretization: 100
variance: 0.003
tracking_th: 0.001
ph_error_th: 0.001

iter_th: 40
local_maps_number:5
local_maps_close_number: 1
distortion: 1

limit_grad: 0.80

camera_path:"/camera/image_raw"

# 683.435928 680.442877 321.885408 238.271206 0.188368 -1.042551 -0.003041 0.005462

cameraMatrix: !!opencv-matrix
   rows: 3
   cols: 3
   dt: d
   data: [ 683.435928,0.,321.885408,0.,680.442877,238.271206,0.,0.,1. ]
distCoeffs: !!opencv-matrix
   rows: 5
   cols: 1
   dt: d
   data: [ 0.188368, -1.042551, -0.003041, 0.005462, 0 ]

calculate_superpixels: 1
num_cameras_mapping_th: 9
translational_ratio_th_min: 0.075
limit_ratio_sing_val : 100
limit_normalized_residual: 0.30
matchings_active_search: 3
