('D = ', [-0.16277659701273894, 0.321851284027039, 0.0008589499903553614, 0.008894448693419515, 0.0])
('K = ', [844.3736121099789, 0.0, 351.2741120442133, 0.0, 868.361373054317, 256.70550149406375, 0.0, 0.0, 1.0])
('R = ', [1.0, 0.0, 0.0, 0.0, 1.0, 0.0, 0.0, 0.0, 1.0])
('P = ', [826.6348876953125, 0.0, 354.73963341085255, 0.0, 0.0, 857.646728515625, 256.64253339754214, 0.0, 0.0, 0.0, 1.0, 0.0])
None
# oST version 5.0 parameters


[image]

width
640

height
480

[narrow_stereo]

camera matrix
844.373612 0.000000 351.274112
0.000000 868.361373 256.705501
0.000000 0.000000 1.000000

distortion
-0.162777 0.321851 0.000859 0.008894 0.000000

rectification
1.000000 0.000000 0.000000
0.000000 1.000000 0.000000
0.000000 0.000000 1.000000

projection
826.634888 0.000000 354.739633 0.000000
0.000000 857.646729 256.642533 0.000000
0.000000 0.000000 1.000000 0.000000
