('D = ', [-0.2072022486074556, 0.6940997200005531, -0.006168092688482673, -0.002871263344336187, 0.0])
('K = ', [828.357770762039, 0.0, 311.33712456876833, 0.0, 857.6337957232469, 226.3668459465382, 0.0, 0.0, 1.0])
('R = ', [1.0, 0.0, 0.0, 0.0, 1.0, 0.0, 0.0, 0.0, 1.0])
('P = ', [819.92822265625, 0.0, 309.90642143310106, 0.0, 0.0, 847.316650390625, 224.15047390734253, 0.0, 0.0, 0.0, 1.0, 0.0])
None
# oST version 5.0 parameters


[image]

width
640

height
480

[narrow_stereo]

camera matrix
828.357771 0.000000 311.337125
0.000000 857.633796 226.366846
0.000000 0.000000 1.000000

distortion
-0.207202 0.694100 -0.006168 -0.002871 0.000000

rectification
1.000000 0.000000 0.000000
0.000000 1.000000 0.000000
0.000000 0.000000 1.000000

projection
819.928223 0.000000 309.906421 0.000000
0.000000 847.316650 224.150474 0.000000
0.000000 0.000000 1.000000 0.000000
