('D = ', [0.00602745692088638, 0.12516656838922535, 0.012258220101612517, 0.016825278608408326, 0.0])
('K = ', [848.8234326355348, 0.0, 313.6687753435995, 0.0, 846.1472596890015, 147.11287289283806, 0.0, 0.0, 1.0])
('R = ', [1.0, 0.0, 0.0, 0.0, 1.0, 0.0, 0.0, 0.0, 1.0])
('P = ', [865.0633544921875, 0.0, 320.94997000335206, 0.0, 0.0, 868.9302978515625, 150.9207538259452, 0.0, 0.0, 0.0, 1.0, 0.0])
None
# oST version 5.0 parameters


[image]

width
640

height
480

[narrow_stereo]

camera matrix
848.823433 0.000000 313.668775
0.000000 846.147260 147.112873
0.000000 0.000000 1.000000

distortion
0.006027 0.125167 0.012258 0.016825 0.000000

rectification
1.000000 0.000000 0.000000
0.000000 1.000000 0.000000
0.000000 0.000000 1.000000

projection
865.063354 0.000000 320.949970 0.000000
0.000000 868.930298 150.920754 0.000000
0.000000 0.000000 1.000000 0.000000
