('D = ', [0.18836832805290887, -1.04255124784695, -0.0030412702552435828, 0.005462383598708523, 0.0])
('K = ', [683.4359283865571, 0.0, 321.88540813982326, 0.0, 680.4428766821303, 238.27120585589168, 0.0, 0.0, 1.0])
('R = ', [1.0, 0.0, 0.0, 0.0, 1.0, 0.0, 0.0, 0.0, 1.0])
('P = ', [675.2385864257812, 0.0, 324.5176921294078, 0.0, 0.0, 684.156494140625, 236.93028960107767, 0.0, 0.0, 0.0, 1.0, 0.0])
None
# oST version 5.0 parameters


[image]

width
640

height
480

[narrow_stereo]

camera matrix
683.435928 0.000000 321.885408
0.000000 680.442877 238.271206
0.000000 0.000000 1.000000

distortion
0.188368 -1.042551 -0.003041 0.005462 0.000000

rectification
1.000000 0.000000 0.000000
0.000000 1.000000 0.000000
0.000000 0.000000 1.000000

projection
675.238586 0.000000 324.517692 0.000000
0.000000 684.156494 236.930290 0.000000
0.000000 0.000000 1.000000 0.000000